100
144 260
478 235
366 958
827 63
789 888
873 63
715 491
884 884
260 19
194 274
979 127
544 273
644 476
869 950
683 182
33 412
690 222
580 252
144 889
949 464
608 706
183 974
484 537
324 144
992 439
281 983
39 605
200 261
422 451
295 470
967 825
828 189
530 603
201 579
432 56
842 847
467 379
512 807
418 250
41 387
405 751
160 620
246 805
567 820
725 529
778 970
298 92
518 872
544 120
239 360
38 865
134 466
640 194
393 493
872 540
213 86
757 39
151 683
103 882
460 820
879 226
390 143
999 239
668 6
100 652
462 805
777 650
513 146
821 181
906 385
647 710
911 788
834 870
125 736
963 654
305 875
556 468
90 636
994 378
127 985
575 194
369 428
566 259
722 111
927 671
926 671
813 729
461 463
367 481
482 291
448 401
570 399
754 275
783 510
681 617
507 893
926 586
248 779
526 283
630 57